30
70
49.543270221308006 25.55491805076599
49.575297270748074 25.641961097717285
14
49.55942015242553 25.583330576148228
49.54516530897622 25.605303232398228
49.57144444082508 25.609423105445103
49.54139287460634 25.57374221174545
49.550971545692924 25.570823968337248
49.55921215483913 25.56601744978256
49.59611098936006 25.55895619344423
49.53688153569325 25.643070268151263
49.56672791137805 25.660236405846575
49.525055344910655 25.60181431023861
49.582963602344726 25.540702860043297
49.61233690529613 25.61280063836361
49.60026056595315 25.67871860711361
49.62651004541321 25.639579813168297